2,83c2,83
<   -5.191  -4.889    12   3.5104708   37.208295    0.04984827532      16.56988929       5.94468194     0.1039385777   0.001189846477       1.44707362    -0.5550872804     0.3304879689     0.9217053703      1.985780733
<   -4.889  -4.716    12   3.9042344   53.407548     -1.754063681      27.06780677      3.807538383     -3.542113888   2.55409804e-05      28.83332383      2.822737798      0.936737746      1.895143143      1.736083457
<   -4.716  -4.538    12   4.0171595   78.625898     0.1130418118      14.55612764      10.69188796     0.1373070687       1.30466798      1.314556347   -0.02911436322      54.85066012       1.57509443      1.478696795
<   -4.538  -4.363    12   4.1482616   88.268479   -0.06788377256      12.64121422      12.67096159     0.4617502345    0.09346049144     0.8002392549  -0.008941890203      99.98250307      1.582177268      1.316823884
<   -4.363  -4.191    12   4.3182959   120.35211    0.05632828566      14.01815848      10.78678196     0.3007329497     0.2365714648      4.557520525   -0.04030044494   0.003746572222     -24.14474191      1.256930374
<   -4.191  -4.013    12   4.5772788   159.95065  -0.008639521667      13.99181435      10.08292368      0.100729412       2.18789708      2.403105403   -0.01945066009      23.50757966     0.9842165667      1.235846173
<   -4.013  -3.839    12   4.4475227   207.72924    0.04489937695      14.07366071      10.77583226    0.08447972644      1.995821069       2.49814342    -0.0249020121      53.01685028      1.002457331      1.216094144
<   -3.839  -3.664    12   4.6140114   217.69865    0.08885718447      13.07233613      13.54898722     0.2299247892    0.03649279132      3.784973055    0.06984073908      3.980769026      1.114643781      1.226888493
<   -3.664  -3.489    12   4.5364943   219.71708     0.1639973784      12.01608561      16.58151715      0.708869415    0.01304479381      6.606752278    -0.2467397241     0.8884493059      2.401574178      1.274774973
<   -3.489  -3.314    12   4.5463749   324.10698    0.06781145103      17.85658186      13.20749875     -1.949287935   0.003523788016      47.27418243   -0.02518026692      6.009333181      1.879106217      1.323381154
<   -3.314  -3.139    12   4.5563453    427.3167     0.3462266323      12.75883321      20.25162387      1.018129171     0.8761977343      1.599828588    -0.7385971942      1.322097134      1.757647749      1.343640185
<   -3.139  -2.964    12   4.1024917   390.70103     0.2542797847      13.50957938      14.85283785     0.2842281586    0.01299321566      7.294374012     0.3285430798      1.342524277     0.9259354616      1.602462859
<   -2.964  -2.853    12   3.9113938   353.92004      0.185233559      14.73426388      11.18363696     0.2130024688   0.003067490695      7.431753701     0.5621634642      1.419599949     0.3370688063      1.883441237
<   -2.853   -2.65    12   4.3554194     564.179     0.1562939948      14.10121892      12.23274123     0.1933803454    0.04970562966      4.227455416     0.6390105297     0.6543984216     0.1071041106      1.716400805
<    -2.65    -2.5    12   4.3864032   756.58821   -0.01645493003      7.963986136       5.65296181     0.7663337996    0.02791877221      6.926597767    0.02918490088      9.986719827     0.9788980015      1.497090334
<     -2.5  -2.322    12   4.3420655   768.87243     0.1222793223       12.8492066       6.62140867      4.809301144     0.2542736092      6.797992224    -0.4227257804     0.7111391109     0.9277191081      1.387989951
<   -2.322  -2.172    12   4.4040876   1002.1755     0.1965758155      9.112021553      4.132884951      1.370574495     0.1149849896      7.185391753    -0.6804804792     0.6663098072     0.7256976741      1.341434056
<   -2.172  -2.043    12   4.4798061   997.22897     0.3699831976      8.968433118      3.801973711      1.692424118     0.8740540624      5.038240292    -0.9982914728     0.4876971392     0.5831252652      1.320471525
<   -2.043   -1.93    12   4.5166203   1036.0757     0.4103764463      2.434920023      1.683528036     0.4138581446  2.624213111e-07      18.97590401    -0.4670583962     0.7547352516     0.6188219143      1.313008372
<    -1.93   -1.83    12   4.3349309   1056.2432     0.4305835552      2.742871658      5.000664848     0.4274537082   2.80641213e-07      36.33345912    -0.0577189519      2.881237654      1.433900716      1.281428843
<    -1.83   -1.74    12   4.4856694   1475.0344     0.3442019013      4.539719307      2.656553281     0.3599317072   6.17016637e-07      15.10096076    -0.7774248302     0.4247146187     0.3846210324      1.283694775
<    -1.74  -1.653    12   4.4348255   1551.8155     0.3229572854      5.786173925      4.579371286     0.3417682067  2.874921412e-09      21.48689703    -0.4565425754     0.4721473316     0.7618761111      1.257308555
<   -1.653  -1.566    12   4.5899389   1580.8895     0.1877159369      12.51147601      6.941957429      0.220923606    0.01377521385       5.70747062    -0.7053704804     0.3006228826     0.6489042388      1.246175627
<   -1.566  -1.479    12   4.5125394   1562.7241     0.3727955887      6.001498859      10.75427982     0.3893752211  2.949746811e-05      4.047067104   -0.06055952126      2.448383447       1.52962146       1.24217056
<   -1.479  -1.392    12   4.4333471   1893.1601     0.4223810714      5.070279723      8.710548851     0.4283939853   0.005534449196      6.935633201   -0.08289976948      2.095436745       1.53184776      1.251195233
<   -1.392  -1.305    12   4.4677532   1905.2167     0.9008693119      3.413958522      6.303289277  -0.002643840324    0.00246994198      13.58830902    -0.1282100328      1.283139866      1.426596224      1.265026595
<   -1.305  -1.218    12   4.4479014   1889.5196     0.5028555034      1.887797191      4.171003176     0.4903379582  2.016002476e-08      39.92722497    -0.1222074501      1.630312837      1.483597056      1.274785691
<   -1.218  -1.131    12   4.3911379   2298.3181     0.4738719629      2.681961274      6.698494877     0.4710703718  4.194433758e-06      8.611101675   -0.09461105798      1.967617397      1.585011833      1.244953444
<   -1.131  -1.044    12   4.3887521    2428.067     0.4266939062      3.432943599      3.710079039     0.4252387106  2.106288119e-07       40.6568768    -0.3283629125      0.702488532      1.111315538      1.255125273
<   -1.044  -0.957    12   4.5543103   2457.9558     0.4868721866      5.926522102      6.912269994     0.5737051716    0.02879811607      8.607863645    -0.1481943998      1.259563984      1.445198813      1.228788912
<   -0.957  -0.879    12   4.4547765   2442.9532      0.436728654      5.401811312      6.114576948     0.6635702976    0.01624087694      10.03654795    -0.1779878581      1.086236396      1.389844038      1.221250704
<   -0.879  -0.783    12   4.4917808   2915.0132    -0.8267170586      8.068315729      5.580666497      1.675935325    0.01471823481      6.737366185    -0.2286938575     0.9658806732      1.300247571      1.222123011
<   -0.783  -0.696    12    4.432844   2960.2573     0.4640243177      3.603107529      5.114590663     0.4614786964    0.01233312948      7.463387043    -0.1541565388       1.16487552      1.433818843      1.205152017
<   -0.696  -0.609    12   4.4557522   2978.7448     0.4841611794      2.954396843      4.913627984     0.4951720233   0.008778575965      8.648314525    -0.1180681504      1.378628987      1.505598411      1.197056623
<   -0.609  -0.522    12   4.5080991   3008.2261     0.3986979871      4.405508058      2.206050538     0.4071576115   0.005655074899      7.629987095      -1.07243151     0.3185854245     0.1980423357      1.216620529
<   -0.522  -0.435    12    4.434676    2980.906     0.5015063925      1.502947414      3.470235697     0.5006975476   0.000886357365      14.36768782    -0.1012601005       1.53633434      1.511202065      1.197297434
<   -0.435  -0.348    12    4.399145   3494.5407      0.496649021      1.798158286      3.647667518     0.5169095042   0.001398157694      14.39635624     -0.117173831       1.33112758      1.459701258      1.197301517
<   -0.348  -0.261    12   4.4345255   3479.7808     0.4718867102      2.918218221      3.552484991     0.4662314724    0.01292304824      7.243622749    -0.1970815263     0.9310889369       1.25374463      1.209007121
<   -0.261  -0.174    12   4.5514621   3362.7518     0.5252434336      2.404393228      3.679711676     0.5963937967   0.001860772595      19.59957493    -0.1661217599      1.039583089      1.351670267      1.206259602
<   -0.174  -0.087    12   4.4258446   3509.6437     0.4510930934      3.068127593      3.175678806     0.6139415856   0.002273712157      17.42066464    -0.3093019061     0.6738740473      1.051045438      1.209655127
<   -0.087       0    12   4.4927379   3475.5281     0.4620270122      1.809319414      2.092649097     0.4552846773  1.509732409e-06      4.240689621     -0.286971079     0.6838496532      1.002213378      1.215373056
<        0   0.087    12   4.4568731   3455.1078     0.4753506651      4.132189206      3.887494243     0.6013608242   0.007947072198      12.50339464     -0.329927422     0.6616652099      1.054125728      1.201621897
<    0.087   0.174    12   4.4042369   3401.6516     0.6080272554      3.124455847      3.786366431     0.3358979453    0.02531091347       7.10570825    -0.1986690039     0.9250942964      1.250945589       1.20412563
<    0.174   0.261    12   4.4494084    3467.147      0.453231708      3.067470792      3.604010631     0.6143204043    0.00278905557      15.96243868    -0.2505183378     0.7681041646      1.179809164       1.20413849
<    0.261   0.348    12   4.4736178    3446.009     0.4846659445       1.50844889         3.446813     0.4857994853  0.0006014248523      11.87058607    -0.1126106015      1.330602345      1.499382199      1.195547635
<    0.348   0.435    12   4.4223492   3024.4852     0.4384708877      3.072427739       2.38508467     0.4276848159   0.006178523666      6.621108197    -0.5021429488     0.4861902222     0.7229063855      1.214200118
<    0.435   0.522    12   4.5624644   2964.0523     0.4777895408      1.696998823      3.542579909     0.5609790516  0.0006488430229      20.87980273     -0.118699679      1.299639433      1.461045549      1.195409699
<    0.522   0.609    12   4.3416459   2992.4401     0.5027059412      4.213939595      4.920876502     0.6862708044    0.01492409348      10.94673896    -0.1847659009      1.042555805      1.342268461      1.207651535
<    0.609   0.696    12   4.3554225   3038.0433     0.4778127307       2.03646894      3.385689581     0.6669452847   0.001569943013      19.83350554    -0.1415322793      1.200104105      1.410479743      1.208698968
<    0.696   0.783    12   4.4879404   2970.7198     0.4371915895      3.193590976      3.442110541     0.7390900424   0.002177611996      19.93480984    -0.2816682238      0.728791336       1.13553927      1.216760016
<    0.783   0.879    12   4.3912658    2899.641     0.5080282637      2.112768114      3.649866697     0.6326377365  0.0007858606983      26.44365753    -0.1514872727      1.171355679      1.434603406      1.221351227
<    0.879   0.957    12   4.5256926   2488.6366     0.4243055128      3.977295054       4.82216405     0.4269904236    0.01792453918      5.449394568    -0.2072771607     0.9311852329      1.338741758      1.220601728
<    0.957   1.044    12   4.3916796   2483.6326     0.3632383733      5.253766586      2.987983254     0.3732899377  6.418405861e-06      11.56044772    -0.8881964197     0.3688181753     0.5203582535      1.237717971
<    1.044   1.131    12   4.5104307   2411.0713     0.4700372381      2.623795103      6.651428821     0.4620411449  0.0003395706269      3.533443215   -0.09300228604      1.814669219      1.597066874      1.225286437
<    1.131   1.218    12   4.5356674   2376.0459     0.4846573402      2.122658423      4.628681995     0.4798937462  3.885691646e-05     0.3457350282     -0.121850027       1.52157714      1.477003314      1.255465243
<    1.218   1.305    12   4.4736737   1912.7347     0.4288569011      5.869649099      10.50784829     0.4344903933  0.0005959704822      15.15342136    -0.1104865485      1.591472309      1.556285251       1.25698989
<    1.305   1.392    12   4.5184838   1885.2107     0.4641643084      2.770330523      3.906994094     0.4562662222  1.298453241e-06      7.202780216    -0.2214144316     0.7707030943      1.127081424      1.266299817
<    1.392   1.479    12   4.4424489   1913.6386     0.4118588043       4.84054921      9.533379681     0.4228560056  7.099567449e-06      21.31103521   -0.07718985219      1.958461397      1.498522527      1.245578317
<    1.479   1.566    12   4.7171792   1565.1574     0.3030518389      9.380257082      12.04789291     0.3277317055  1.878102792e-05      45.41716736    -0.1185622379      1.156995756       1.32536372      1.232877442
<    1.566   1.653    12   4.5045483   1578.0816      0.330464769      10.54003507      5.054028205      0.427365781     0.1718119042      6.449803497    -0.8965214361     0.3564081996     0.5051555461      1.252462716
<    1.653    1.74    12   4.4767835   1539.4785     0.9727268773      3.463972447      2.478201606    -0.2192824147  5.357493219e-05      49.45922222    -0.5788398597     0.4787460143     0.4963895192      1.262620748
<     1.74    1.83    12   4.3789819   1508.5013       1.21815876      2.292556042      3.994019579    -0.3707713201  0.0001951263913      23.06535702   -0.08718103631      2.013748903       1.32905984      1.269949677
<     1.83    1.93    12   4.4082404   1048.6495     0.4292170534      2.025225067      2.516788168      0.454013735  0.0006941050973      7.194103046    -0.1557817796      1.460118928      1.115727113      1.294408104
<     1.93   2.043    12   4.6502393   1043.5231     0.1205632451      4.930596061      4.419479368      0.699348008    0.02488139187      5.986598962    -0.1192979498      1.800459428      1.242315009      1.299722715
<    2.043   2.172    12   4.4653484   1033.4053     0.1944744196       3.18834295      1.556252781     0.8502824452   0.004485590519      12.67954106    -0.6867258374     0.6871511585     0.4799283673      1.332625403
<    2.172   2.322    12   4.2271153   1001.7725     0.2660362219      7.023014904       3.79825948      1.019553027    0.04587715495      8.591809459    -0.4763574768     0.7633964316     0.8055577142      1.339344709
<    2.322     2.5    12   4.3904034   767.30117     0.1259369458      12.55846512      6.921473714      3.636669076     0.1109250251      8.417611697    -0.3462338986     0.6629993873     0.8937661437      1.375784313
<      2.5    2.65    12   4.2740973   772.08288    -0.2088570558      3.580417522      3.657800467     0.9514603604  3.305059243e-05      8.900662354     -2.792338625      12.11300771    -0.9857000536      1.509335199
<     2.65   2.853    12   4.0669334   566.45694      0.139732075      14.14395499      11.94575026     0.1795934069  1.776809648e-05      4.758471054     0.3939068057      1.166263501     0.5679452116      1.728679244
<    2.853   2.964    12   3.6965478   357.58494     0.1346416559       13.4059097      7.187024389    0.08094986151      4.999999999       2.49189818    0.07109718477      13.49510741      1.018604004      1.842866861
<    2.964   3.139    12   4.1854037   386.55397     0.6435308861      11.61460617       27.1440209     0.6345833764    0.03451212976       10.0015103     0.5392889743     0.9094373954     0.8133142157      1.617407058
<    3.139   3.314    12   4.4780978   434.94694     0.4147378803      13.15633365       20.2289755      1.088182075     0.9712618875      1.588921247    -0.8862502085      1.254868995      1.726811839      1.354706291
<    3.314   3.489    12    4.299057   322.47735    0.04726390814       13.6276398      11.99075788     0.2907723629     0.3615721293      1.693388179    -0.1033753982      2.390069694      1.868793814      1.323644981
<    3.489   3.664    12   4.5472946   217.10614     0.1660144609      12.69433585      11.90422241     0.3241710366    0.02865549121      6.620275825    -0.0716692106       2.09651181       2.10605408      1.275355949
<    3.664   3.839    12   4.5809814     220.918    0.03731070134      13.97529068      10.76592142     0.1953484743      0.499646394      3.584516331    0.01340511009      7.040887449      1.255042997      1.240507038
<    3.839   4.013    12   4.4456667   206.53985    0.04910824435      13.80111611      10.66890412      1.167581953     0.3281401997      5.021352677   -0.07013802846      5.400387186      0.631343516        1.2039581
<    4.013   4.191    12   4.4655175     157.758    0.06770451519      13.90558423      10.90209004     0.3687812435     0.4165548281      4.172959495   -0.02290284754      2.588790445     0.5474248398      1.228123238
<    4.191   4.363    12   4.4747316    121.1926    0.01851532179      13.68335017      11.11587661     0.1785872078     0.1547920359      2.980095955   -0.01484550657      12.88033923      1.686378189      1.245190717
<    4.363   4.538    12    4.272358   88.802194     0.4193009661      15.35872113       30.1498657      1.567599362      1.625344821      1.381840175     -1.226952397      2.086749035      1.422653679      1.304054056
<    4.538   4.716    12    3.967003     82.4617     0.1050249541      14.16185594      11.67178135     0.3739659919     0.6219169703      1.156998163    -0.1140535049  4.300085844e-05      1.254549562      1.476838833
<    4.716   4.889    12   4.0840769    46.58783     0.2103595187      14.76428944      14.76674836     0.5885770635     0.3497729102      1.232669215    0.06399848744      99.99999991      1.410005984      1.724316186
<    4.889   5.191    12   3.5332612   37.019208      0.113501069      16.14008761      5.982116941     0.1451191019   4.99541948e-05       1.56333653    -0.5921143535     0.2334990723      1.016634747      1.978174154
---
>   -5.191  -4.889    12   5.9710642   27.818141      -1.99999746      25.98422951      4.030919117                0          2.82597           1.8277                0          3.82597           1.8277      3.164909568
>   -4.889  -4.716    12   5.4401692   41.779623     -1.999720865      25.20454968      3.909924358                0          2.82597           1.8277                0          3.82597           1.8277      3.133667724
>   -4.716  -4.538    12   4.9849281   66.059994     0.6177860744      2.919450741      0.203910562                0     0.1341617921           1.8277                0          3.82597           1.8277      3.042759186
>   -4.538  -4.363    12   5.2774388   104.76797     0.6402552572       2.51807868     0.1392302015                0      3.204727734           1.8277                0          3.82597           1.8277      2.850588759
>   -4.363  -4.191    12   5.5230395   108.87951     0.3299922946      4.084555637     0.7614663888      10.52518771      4.915965788      3.150945558   -0.08819243617      9.386430211      1.426456847      2.632832702
>   -4.191  -4.013    12   5.6417925   145.64214    0.01326482549        15.006327      6.965312141     0.8851608996      4.982558086     0.7690932177     -0.193393329      1.726149328      1.982583198      2.539345613
>   -4.013  -3.839    12   5.5184078   201.04468    -0.6091830062      15.62333535      2.219146303      9.813034298     0.4127598427      14.27541619     -1.741951608     0.7039841425     0.8841619334       2.51849726
>   -3.839  -3.664    12   5.6591999   205.87092     0.6425779351      17.15049993       2.05486534     -1.001073928     0.2617336497      3.167420342     -3.829790303     0.3823841743     0.4924587419       2.49346408
>   -3.664  -3.489    12   5.7066531   206.34318   -0.09078408225      16.00736366      7.129488365       0.83425018      4.999999997     0.7820050258    -0.1490125898      3.010947706      1.968779736       2.52725063
>   -3.489  -3.314    12   5.8997718   314.01254     0.1547521283       14.7929738      10.70368079       1.19702867      4.040954033     0.7689298732     0.1889767661      3.928080541      1.404174105       2.48290963
>   -3.314  -3.139    12   5.9624046   420.39437     0.3171450227      13.99367672      14.91827361        1.5362943      1.688457439     0.3918001812      0.602511824     0.7158756844     0.4656592126      2.510041806
>   -3.139  -2.964    12   6.2148562   390.17942     0.3366731905      15.46104115      13.18735569     0.8619414663      4.641653135     0.7721627897     0.3843467186      1.910422269      1.132822577      2.475443303
>   -2.964  -2.853    12   6.2801693   358.21275      0.226144166      16.64040392      10.27486853     -3.795423522      4.372589569     0.4546823026      2.811406532       1.18195174     0.1191795413      1.791700789
>   -2.853   -2.65    12   5.6090847   558.52415     0.3379828148       15.3046989      13.67696323     0.4297218962      4.994921541     0.9769849237     0.2099167289      2.026020066      1.331134316      1.977439215
>    -2.65    -2.5    12   4.8538125   761.07962     0.3890808304      15.46118544      15.49842949     -1.234481913      4.986785925     0.3045225447      9.918195258     0.4013296581     -1.587004462      1.891561902
>     -2.5  -2.322    12   4.9456339   759.96131     0.7906282178      3.059629743      3.063971605      0.167379239      4.728899371       1.01601329     -5.402235708      95.91440196     -4.079376993      1.710671524
>   -2.322  -2.172    12   5.0021235   980.65975     0.4766102965      13.78417583      14.82486236      0.307189878      1.683319616     0.6636321009      -1.13571564      5.364221494    0.04879434853      1.592713693
>   -2.172  -2.043    12   4.9339646   993.20413     0.3281567148      15.80364976      11.86781688    -0.1187109196     0.8746128961      1.718997237    0.04120335727      15.48513436      1.147273293      1.510226927
>   -2.043   -1.93    12   5.0543094   1026.1622      0.737453792      5.360948995      7.576787567     0.1712654685      3.030858834     0.7864083181    -0.1865597619       6.87457008     0.3676038631      1.499721013
>    -1.93   -1.83    12   5.0479126   1045.6813     0.5659819943      17.85568561      12.17030787    -0.4574411541     0.6754396017      1.415793579    -0.2625338709     0.7029714956      3.101252881      1.502927753
>    -1.83   -1.74    12   4.9542944   1477.5128     0.5179537485      17.40006027      13.12453445    -0.2904600962     0.9954140391      1.480893697    -0.2116432404     0.5973599812      2.908879867      1.495118266
>    -1.74  -1.653    12   4.8577589   1526.5503     0.4371942236      16.96870159      11.54705902    -0.1798831003      1.035909041      1.442104261    -0.2293632835     0.2802732115      2.163839517       1.48577738
>   -1.653  -1.566    12   4.9000951   1564.2066     0.4235314643      16.88020016      11.49047414    -0.2042046981      0.808645659      1.433472784    -0.1951188246     0.2615304175      2.223304989      1.467632823
>   -1.566  -1.479    12   4.9886872   2018.6244     0.4584002467      17.76131264      9.489313655      -0.35021969      0.770426078      1.096961831     -0.404121022     0.2266983214      1.976315302      1.478398758
>   -1.479  -1.392    12   4.9247171   1924.1576     0.5425794992      17.72654965      12.18854191    -0.1915082678      1.110169363      1.435856721    -0.3131214202     0.1884496027      1.983897737      1.470666375
>   -1.392  -1.305    12   4.7431576   1903.2103     0.5186213499      17.63912588      11.66300012    -0.1933081281     0.9791024248      1.458727114    -0.3149940754     0.1730509596      1.650450657      1.461516115
>   -1.305  -1.218    12   4.8523304   1885.4658     0.7361594911       18.7790125       12.8846102    -0.1093318065      1.930420317      1.647987285    -0.5999238876     0.1112870909      1.418874339      1.451731691
>   -1.218  -1.131    12   4.8104009   2308.7374     0.6565568189      18.53074986      12.53495092    -0.2299092251      1.157005061      1.428979382    -0.4515648303     0.1775777441      2.043741409        1.4677036
>   -1.131  -1.044    12   4.8568376   2412.8738     0.5915611566      17.93873411      11.51555355    -0.1415651384      1.528386003      1.589307619    -0.5158383897     0.1486649019      1.428979031      1.439698229
>   -1.044  -0.957    12   4.7684333   2439.2837     0.6957065914      17.66814063      12.53229918    -0.1734655925      1.341532448      1.561844058    -0.4999199362     0.1457687245      1.867175278      1.439738029
>   -0.957  -0.879    12   4.7559872    2442.735     0.4879947153      16.68044118       12.4785834    -0.1344780521      1.718811827      1.534395636    -0.2871150953     0.4034517155      1.890671892      1.434755403
>   -0.879  -0.783    12   4.7969518   2922.9115     0.5392672062      17.37736674      11.77516268     -0.141083256      1.591117425      1.571401637    -0.4309746812     0.2349780353      1.687340732      1.429903381
>   -0.783  -0.696    12    4.707045   2952.5441     0.7669104252      18.35360585      12.98949835    -0.1881849021      1.385562559      1.560553778    -0.5956785575     0.1368837631      1.963121836      1.432458418
>   -0.696  -0.609    12   4.6673534   2952.5627     0.6486972821      19.47079324      9.391150249    -0.6084837822     0.6193305649      1.154454033    -0.6155445114     0.1630130283      2.255871493        1.4469318
>   -0.609  -0.522    12   4.7033017   3002.4854     0.5576185401       18.5911337      9.850803436    -0.4735035482     0.7095865096      1.236923027    -0.4876746735     0.1962963986      2.143942869      1.438746633
>   -0.522  -0.435    12   4.6705229    3386.951     0.6321422958      17.91984474      12.47382783    -0.1682810795      1.391874858      1.565459113    -0.4943269756     0.1613542691      1.770718513      1.405135075
>   -0.435  -0.348    12   4.7783441     3491.24     0.8423504132      18.97070929      13.38343548    -0.2260459279       1.14301287      1.501731693    -0.6649374882     0.1157718473      2.086700669      1.411782913
>   -0.348  -0.261    12   4.7591799   3484.1728     0.7500281516      18.05704868      13.31402493    -0.1985777504      1.233435902      1.543560048    -0.5430060144     0.1332846227      2.024230755      1.401439945
>   -0.261  -0.174    12   4.6858929   3396.4099     0.5960837829      18.73356034       10.0013846    -0.4037456368     0.7260124418      1.281134127    -0.5618755834     0.1437723558      1.872756609      1.414097056
>   -0.174  -0.087    12   4.7865773   3501.6303     0.5769720619      18.61222432      10.04145484    -0.4837040195     0.6858623897      1.222357119    -0.4894000118     0.1855203756      2.186471909      1.418148412
>   -0.087       0    12     4.76587   3458.8241     0.6431780362      18.84066059      10.91205006      -0.42176834     0.7527718762      1.270536333    -0.5302849133     0.1710845128      2.223752974      1.415236718
>        0   0.087    12   4.7415464   3461.4683     0.7585442028      18.49730012      12.88166923    -0.2907647943      0.946858543       1.42602266    -0.5510852542     0.1415421483      2.255007836      1.405227866
>    0.087   0.174    12   4.6642934   3396.3024     0.5788325818      18.67052674      9.982711058    -0.4975196682     0.6981126347      1.216626475    -0.5006484947     0.1976576263      2.218777546       1.42407106
>    0.174   0.261    12   4.8113534   3470.0895      0.707487457      18.17437446      12.70335376    -0.2136258822      1.157027438      1.521355691    -0.5389153192     0.1381166504      1.947834675      1.401751149
>    0.261   0.348    12   4.6989314   3447.2558     0.7331158954      18.47328119      12.63980883    -0.2047533103      1.203456135      1.540717186    -0.5921567404     0.1252165236      1.863797375      1.404124476
>    0.348   0.435    12   4.8062589   3435.1995     0.7232532126      18.26325382      12.52304553    -0.2525370155      1.054999239      1.463238746    -0.5469831051     0.1455488228      2.087736343      1.411954952
>    0.435   0.522    12    4.702536   2965.9821     0.7106912211      18.05459966      12.94275647    -0.2028907286      1.208612634      1.535137301    -0.5228839422     0.1440993432      1.982209235      1.407048376
>    0.522   0.609    12   4.7595607   3000.9085     0.7630134293       18.0778325      13.86242682    -0.2586355394      1.089461538      1.487084299    -0.4958855244     0.1716636413      2.390173562      1.423753464
>    0.609   0.696    12   4.7489732   3018.9927      1.281681951      3.841718957      5.709764909    -0.3975316187      0.818946945      1.464196325    -0.4316066054     0.2668644861      3.360030174      1.423389853
>    0.696   0.783    12   4.7369153   2953.0419      0.562515096      18.84320684      9.134216534    -0.5421303417     0.6734587105      1.178200719    -0.5489087844     0.1881690336      2.094187378      1.453032769
>    0.783   0.879    12   4.7710822   2913.2628     0.8802114848      17.89610569      13.28677708     -0.201613481      1.249668704      1.566251448    -0.6444907501     0.1087767392      2.060922538      1.427571793
>    0.879   0.957    12   4.8426964    2477.877     0.7473970085      18.20353583      13.16117171    -0.1897494097      1.310519459      1.559743503    -0.5412081101      0.133733356      1.977388904      1.430698752
>    0.957   1.044    12    4.827134   2479.3105     0.6336365525      18.97509498      11.00042038    -0.5721040692     0.1185775865      1.675478673      -0.27485859     0.9226466257      1.428354507      1.440813198
>    1.044   1.131    12   4.9722167   2422.9594     0.5638132549       18.5219738       10.7296649    -0.5225167384     0.1463971968      1.531925423    -0.2325017822      1.052965109      1.440682145      1.452065015
>    1.131   1.218    12   4.8879122    2354.813     0.7193528941      17.46892772      12.41470344    -0.1464355253      1.533996541      1.578580382    -0.5121368956     0.1234810977      1.636782535      1.446824551
>    1.218   1.305    12   4.9877717   1909.5461     0.6022645389      17.83163118      12.31633889    -0.1115854574      1.766907331      1.608089378    -0.4463246755      0.157052971      1.445922559      1.450684409
>    1.305   1.392    12   4.9077916   1903.6862     0.7284369656      17.85496169      13.85358665   -0.08502860776      2.118014255      1.647536212    -0.4741273981     0.1372572137      1.740335114      1.455749332
>    1.392   1.479    12   4.9458205   1908.0036     0.8529516351      3.484867965      4.797739866   -0.05058966043      4.999995139      1.580611841   -0.03435697429      3.160549406      2.063557825      1.443686286
>    1.479   1.566    12   4.9454318   1540.1303     0.3916151694      17.32247751       9.34711934     -0.311407531     0.8088543126      1.117240633    -0.3402697587     0.2585778805      1.858092401      1.476508398
>    1.566   1.653    12    5.022217   1562.1979     0.3912895961      17.07261857      9.559315133    -0.3604551485     0.6921562785      1.167807013    -0.2703080115     0.3168952051      2.233341632      1.487700644
>    1.653    1.74    12   4.8605348   1524.9209     0.3831976999      16.64053093      11.97169214     -0.249454716      1.242642486      1.542860239    -0.1070725791      1.098893701      2.695972556      1.488530449
>     1.74    1.83    12    4.893481   1502.0077     0.7562746809      5.519580108      8.905754117     0.1707495187      3.870872399     0.8876694491    -0.3762437725      10.05349895    -0.6075917643      1.476094117
>     1.83    1.93    12   4.8188791   1040.0445     0.3467865182      16.21867521      12.02655206    -0.1585382106      1.998501653      1.528078923   -0.08718133556      1.616246889      2.441058975      1.497992935
>     1.93   2.043    12   4.9154642   1031.3719     0.3795461444      16.32185959      12.28047685    -0.1447968471      1.673869052      1.502427491    -0.1137319664      1.044261242      2.465501072      1.501586335
>    2.043   2.172    12   4.9871573   1021.7367     0.4854964848      14.90733428      17.16305825     0.4681449432       1.18634583     0.2807198546     -6.602747009      9.354546127      0.303896118         1.488676
>    2.172   2.322    12   4.8971201   986.59447     0.7001166855      5.829824344      7.402703207     0.1848641279      2.680806126     0.8888885044    -0.2113595892      62.53860493      -2.01141808      1.572766014
>    2.322     2.5    12   4.9231321   764.19808     0.7371883068      4.148072282      4.632058426      1.141391103      1.361496163     0.1068208107    -0.8637121395      8.278283161     0.5533580963      1.693290923
>      2.5    2.65    12   4.9856457   770.36402     0.4216168119      14.26547659       14.6482907     -14.94567462      4.999666199     0.0171229808      9.447179098     0.3833502174     -1.617287508      1.897525587
>     2.65   2.853    12    5.457382   557.29031     0.3799637301      15.15424544       15.1968339     0.3754010701      3.520688273     0.8839234511     0.3822417808     0.9916710251     0.9249316339      2.053714457
>    2.853   2.964    12   6.0498578   362.58327     0.2387697476      16.29766095        10.259834     -5.577997723       4.97286358     0.4174397567       4.64777714     0.8229653881    -0.3318318407      1.734183394
>    2.964   3.139    12    6.261912   380.71853      0.411426847      15.36761227      14.98362146     0.8064342148                5     0.7750956922     0.4659591744       1.90721584      1.116653383      2.453135133
>    3.139   3.314    12   5.8171185   431.91136     0.3394685712      14.20058221      15.34005114      1.079802517      2.992599716     0.6494733959     0.5450560394      1.315847257     0.8943858545      2.493225008
>    3.314   3.489    12   5.7038371   316.07604     0.2624300883       14.4927792      13.08734654      1.599225431      1.859440246     0.4323777615     0.3221526651        1.2265897     0.9538346757      2.490983327
>    3.489   3.664    12    5.751663   205.10063     0.4130116988      14.14492455        16.336815      1.125313946       1.31517464     0.6248828044      0.555124356      6.651356159     0.7706436847      2.555328894
>    3.664   3.839    12   5.8227382   209.15354     0.7376947753      17.15838728      1.937435434     -1.228099942     0.1777678643      3.708380725     -4.263456396     0.3488479815      0.390015628      2.501139614
>    3.839   4.013    12   5.5068509   193.09169     0.5437224652      17.70811848      2.158248591    -0.8891753513     0.5827985157      2.640277459       -3.7216126      0.449856245     0.6018646153      2.499836274
>    4.013   4.191    12   5.7207538    145.3268     0.9083643996      9.314792973      1.535563775     -4.126570593     0.2480756857      5.254016002     -1.971613343     0.5060142472     0.9304835335      2.568890579
>    4.191   4.363    12   5.2874171   108.22736     -1.037821068      17.87810903      2.970877692     -14.10671647      4.519361299      24.75969307    -0.8849439538      1.578050155      1.212780821      2.640562626
>    4.363   4.538    12   5.3686136   95.388731     0.6425024989      2.500232819     0.1361239184                0      3.199450881           1.8277                0          3.82597           1.8277      2.843171614
>    4.538   4.716    12   5.1229594   68.476014     0.4028842022       3.81682574     0.4710112984                0      1.597733827           1.8277                0          3.82597           1.8277      2.997579256
>    4.716   4.889    12   5.4695017   38.054451     -1.999999131      27.13908295      4.317189733                0          2.82597           1.8277                0          3.82597           1.8277      3.104028431
>    4.889   5.191    12   6.6065625   31.901701    -0.7005118895      13.45249353      2.470449699                0          2.82597           1.8277                0          3.82597           1.8277      3.175785044
